4294967294,1473
4294967278,406
4294967293,131
4294967293,130
4294967293,129
4294967293,128
4294967293,127
4294967293,126
4294967293,125
4294967293,124
4294967293,123
4294967293,122
4294967293,121
4294967293,120
4294967293,119
4294967293,118
4294967293,117
4294967293,116
4294967293,115
4294967293,114
4294967293,113
4294967293,112
4294967293,111
4294967293,110
4294967293,109
4294967293,108
4294967293,107
4294967293,106
4294967293,105
4294967293,104
4294967293,103
4294967293,102
4294967293,101
4294967293,100
4294967293,99
4294967293,98
4294967293,97
4294967293,96
4294967293,95
4294967293,94
4294967293,93
4294967293,92
4294967293,91
4294967293,90
4294967293,89
4294967293,88
4294967293,87
4294967293,86
4294967293,85
4294967293,84
4294967293,83
4294967293,82
4294967293,81
4294967293,80
4294967293,79
4294967293,78
4294967293,77
4294967293,76
4294967293,75
4294967293,74
4294967293,73
4294967293,72
4294967293,71
4294967293,70
4294967293,69
4294967293,68
4294967293,67
4294967293,66
4294967293,65
4294967293,64
4294967293,63
4294967293,62
4294967293,61
4294967293,60
4294967293,59
4294967293,58
4294967293,57
4294967293,56
4294967293,55
4294967293,54
4294967293,53
4294967293,52
4294967293,51
4294967293,50
4294967293,49
4294967293,48
4294967293,47
4294967293,46
4294967293,45
4294967293,44
4294967293,43
4294967293,42
4294967293,41
4294967293,40
4294967293,39
4294967293,38
4294967293,37
4294967293,36
4294967293,35
4294967293,34
4294967293,33
4294967293,32
4294967293,31
4294967293,30
4294967293,29
4294967293,28
4294967293,27
4294967293,26
4294967293,25
4294967293,24
4294967293,23
4294967293,22
4294967293,21
4294967293,20
4294967293,19
4294967293,18
4294967293,17
4294967293,16
4294967293,15
4294967293,14
4294967293,13
4294967293,12
4294967293,11
4294967293,10
4294967293,9
4294967293,8
4294967293,7
4294967293,6
4294967293,5
4294967293,4
4294967293,3
4294967293,2
4243767290,0
4243767289,0
4243767288,0
4243767287,0
4243767286,0
4243767285,0
4243767284,0
4243767283,0
4243767282,0
4243767281,0
4294967293,0
4294967279,351
4294967279,89
4294967279,90
4294967279,91
4294967279,205
4294967279,546
4294967279,332
4294967279,92
4294967279,517
4294967279,206
4294967279,207
4294967279,208
4294967279,519
4294967279,93
4294967279,94
4294967279,95
4294967279,211
4294967279,378
4294967279,518
4294967279,547
4294967279,98
4294967279,209
4294967279,210
4294967279,212
4294967279,96
4294967279,97
4294967279,99
4294967279,342
4294967279,280
4294967279,379
4294967279,333
4294967279,213
4294967279,215
4294967279,216
4294967279,100
4294967279,214
4294967279,103
4294967279,102
4294967279,101
4294967279,218
4294967279,220
4294967279,217
4294967279,222
4294967279,219
4294967279,104
4294967279,334
4294967279,221
4294967279,105
4294967279,223
4294967279,228
4294967279,106
4294967279,107
4294967279,226
4294967279,227
4294967279,230
4294967279,225
4294967279,232
4294967279,229
4294967279,109
4294967279,108
4294967279,231
4294967279,110
4294967279,236
4294967279,234
4294967279,111
4294967279,235
4294967279,233
4294967279,380
4294967279,571
4294967279,112
4294967279,113
4294967279,237
4294967279,238
4294967279,114
4294967279,352
4294967279,115
4294967279,242
4294967279,246
4294967279,244
4294967279,241
4294967279,239
4294967279,243
4294967279,245
4294967279,116
4294967279,118
4294967279,117
4294967279,119
4294967279,248
4294967279,522
4294967279,254
4294967279,247
4294967279,249
4294967279,120
4294967279,353
4294967279,335
4294967279,121
4294967279,250
4294967279,252
4294967279,524
4294967279,122
4294967279,251
4294967279,526
4294967279,255
4294967279,123
4294967279,525
4294967279,124
4294967279,572
4294967279,125
4294967279,256
4294967279,126
4294967279,573
4294967279,127
4294967279,574
4294967279,553
4294967279,527
4294967279,257
4294967279,552
4294967279,128
4294967279,258
4294967279,129
4294967279,550
4294967279,132
4294967279,551
4294967279,130
4294967278,409
4294967279,528
4294967279,131
4294967278,288
4294967278,345
4294967278,289
4294967278,277
4294967278,4
4294967278,5
4294967278,258
4294967278,290
4294967278,291
4294967278,6
4294967278,261
4294967278,259
4294967278,426
4294967278,262
4294967278,7
4294967278,8
4294967278,264
4294967278,292
4294967278,9
4294967278,430
4294967278,424
4294967278,265
4294967278,10
4294967278,12
4294967278,11
4294967278,281
4294967278,279
4294967278,428
4294967278,13
4294967278,408
4294967278,267
4294967278,429
4294967278,266
4294967278,423
4294967278,269
4294967278,14
4294967278,16
4294967278,15
4294967278,434
4294967278,425
4294967278,17
4294967278,372
4294967278,270
4294967278,272
4294967278,386
4294967278,271
4294967278,18
4294967278,133
4294967278,20
4294967278,19
4294967278,21
4294967278,349
4294967278,416
4294967278,275
4294967278,285
4294967278,134
4294967278,135
4294967278,136
4294967278,22
4294967278,23
4294967278,24
4294967278,373
4294967278,418
4294967278,374
4294967278,138
4294967278,25
4294967278,139
4294967278,26
4294967278,432
4294967278,388
4294967278,27
4294967278,141
4294967278,431
4294967278,142
4294967278,403
4294967278,140
4294967278,30
4294967278,29
4294967278,28
4294967278,143
4294967278,375
4294967278,376
4294967278,398
4294967278,144
4294967278,31
4294967278,32
4294967278,145
4294967278,350
4294967278,146
4294967278,33
4294967278,297
4294967278,147
4294967278,34
4294967278,296
4294967278,149
4294967278,35
4294967278,148
4294967278,419
4294967278,36
4294967278,37
4294967278,150
4294967278,151
4294967278,300
4294967278,38
4294967278,39
4294967278,152
4294967278,352
4294967278,40
4294967278,153
4294967278,387
4294967278,41
4294967278,154
4294967278,155
4294967278,301
4294967278,404
4294967278,42
4294967278,43
4294967278,156
4294967278,158
4294967278,378
4294967278,44
4294967278,353
4294967278,157
4294967278,46
4294967278,45
4294967278,415
4294967278,159
4294967278,354
4294967278,160
4294967278,47
4294967278,161
4294967278,48
4294967278,379
4294967278,49
4294967278,411
4294967278,162
4294967278,412
4294967278,413
4294967278,163
4294967278,164
4294967278,165
4294967278,50
4294967278,51
4294967278,52
4294967278,53
4294967278,303
4294967278,414
4294967278,305
4294967278,166
4294967278,167
4294967278,168
4294967278,54
4294967278,55
4294967278,56
4294967278,309
4294967278,308
4294967278,307
4294967278,169
4294967278,172
4294967278,171
4294967278,170
4294967278,57
4294967278,58
4294967278,59
4294967278,310
4294967278,311
4294967278,60
4294967278,312
4294967278,175
4294967278,173
4294967278,315
4294967278,176
4294967278,61
4294967278,62
4294967278,63
4294967278,179
4294967278,389
4294967279,202
4294967279,376
4294967279,87
4294967279,86
4294967279,201
4294967279,204
4294967279,85
4294967279,514
4294967279,570
4294967279,83
4294967279,82
4294967279,197
4294967279,198
4294967279,136
4294967279,513
4294967279,512
4294967279,79
4294967279,80
4294967279,78
4294967279,330
4294967279,192
4294967279,544
4294967279,77
4294967279,543
4294967279,191
4294967279,75
4294967279,569
4294967279,189
4294967279,133
4294967279,319
4294967279,188
4294967279,71
4294967279,328
4294967279,327
4294967279,70
4294967279,69
4294967279,542
4294967279,184
4294967279,541
4294967279,374
4294967279,373
4294967279,67
4294967279,181
4294967279,180
4294967279,326
4294967279,539
4294967279,65
4294967279,63
4294967279,179
4294967279,178
4294967279,538
4294967279,568
4294967279,61
4294967279,59
4294967279,175
4294967279,173
4294967279,172
4294967279,58
4294967279,537
4294967279,171
4294967279,170
4294967279,311
4294967279,567
4294967279,312
4294967279,310
4294967279,53
4294967279,168
4294967279,52
4294967279,340
4294967279,308
4294967279,51
4294967279,50
4294967279,164
4294967279,163
4294967279,339
4294967279,324
4294967279,359
4294967279,336
4294967279,47
4294967279,161
4294967279,160
4294967279,535
4294967279,45
4294967279,350
4294967279,156
4294967279,158
4294967279,42
4294967279,323
4294967279,347
4294967279,322
4294967279,534
4294967279,41
4294967279,39
4294967279,38
4294967279,563
4294967279,337
4294967279,153
4294967279,37
4294967279,346
4294967279,149
4294967279,148
4294967279,338
4294967279,34
4294967279,298
4294967279,33
4294967279,532
4294967279,32
4294967279,561
4294967279,560
4294967279,144
4294967279,30
4294967279,29
4294967279,297
4294967279,141
4294967279,28
4294967279,358
4294967279,140
4294967279,295
4294967279,26
4294967279,558
4294967279,25
4294967279,138
4294967279,294
4294967279,279
4294967279,348
4294967279,21
4294967279,135
4294967279,276
4294967279,20
4294967279,19
4294967279,18
4294967279,275
4294967279,273
4294967279,274
4294967279,272
4294967279,362
4294967279,361
4294967279,15
4294967279,341
4294967279,13
4294967279,270
4294967279,268
4294967279,12
4294967279,320
4294967279,11
4294967279,267
4294967279,266
4294967279,360
4294967279,265
4294967294,408
4294967294,969
4294967294,36
4294967294,38
4294967294,40
4294967294,41
4294967294,43
4294967294,114
4294967294,1153
4294967294,115
4294967294,389
4294967294,45
4294967294,392
4294967294,47
4294967294,48
4294967294,51
4294967294,387
4294967294,52
4294967294,73
4294967294,74
4294967294,76
4294967294,77
4294967294,79
4294967294,82
4294967294,1029
4294967294,1031
4294967294,979
4294967294,83
4294967294,84
4294967294,85
4294967294,87
4294967294,88
4294967294,91
4294967294,97
4294967294,98
4294967294,100
4294967294,101
4294967294,103
4294967294,104
4294967294,106
4294967294,161
4294967294,167
4294967294,109
4294967294,162
4294967294,113
4294967294,117
4294967294,118
4294967294,120
4294967294,509
4294967294,1494
4294967294,399
4294967294,1472
4294967294,870
4294967294,397
4294967294,1415
4294967294,1030
4294967294,974
4294967294,1024
4294967294,980
4294967294,5
4294967294,18
4294967294,19
4294967294,20
4294967278,0
4294967294,12
4294967294,14
4294967294,1045
4294967294,1427
4294967294,849
4294967294,860
4294967294,1032
4294967294,1418
4294967294,1046
4294967294,190
4294967294,1924
4294967294,183
4294967294,169
4294967294,471
4294967294,171
4294967294,173
4294967294,175
4294967294,1047
4294967294,1049
4294967294,176
4294967294,180
4294967294,184
4294967294,181
4294967294,188
4294967294,58
4294967294,8
38,1783
38,1785
38,1787
38,1788
38,1790
38,1791
38,1793
38,1795
38,1796
38,1798
38,1799
38,1801
38,1802
38,1804
38,1806
38,1807
38,1809
38,1810
38,1812
38,1814
38,1815
38,1817
38,1818
38,1820
38,1821
38,1823
38,1825
38,1826
38,1828
38,1829
38,1831
38,1833
38,1834
38,1836
38,1837
38,1839
38,1841
38,1842
38,1844
38,1845
38,1847
38,1848
38,1850
38,1852
38,1853
38,1855
38,1856
38,1858
38,1860
38,1861
38,1863
38,1864
38,1866
38,1867
38,1869
38,1871
38,1872
38,1874
38,1875
38,1877
38,1879
38,1880
38,1882
38,1883
38,1885
38,1886
38,1888
38,1890
38,1891
38,1893
38,1894
38,1896
38,1898
38,1899
38,1901
38,1902
38,1904
38,1905
38,1907
38,1909
38,1910
38,1912
38,1913
38,1915
38,1917
38,1918
38,1920
38,1921
38,1923
38,1925
38,1926
38,1928
38,1929
38,1931
38,1932
38,1934
38,1936
38,1937
38,1939
38,1940
38,1942
38,1944
38,1945
38,1947
38,1948
38,1950
38,1951
38,1953
38,1955
38,1956
38,1958
38,1959
38,1961
38,1963
38,1964
38,1966
38,1967
38,1969
38,1970
38,1972
38,1974
38,1975
38,1977
38,1978
38,1980
38,1982
38,1983
38,1985
38,1986
38,1988
38,1990
38,1991
38,1993
38,1994
38,1996
38,1997
38,1999
38,2001
38,2002
38,2004
38,2005
38,2007
38,2009
38,2010
38,2012
38,2013
38,2015
38,2016
38,2018
38,2020
38,2021
38,2023
38,2024
38,2026
38,2028
38,2029
38,2031
38,2032
38,2034
38,2035
38,2037
38,2039
38,2040
38,2042
38,2043
38,2045
38,2047
38,2048
38,2050
38,2051
38,2053
38,2054
38,2056
38,2058
38,2059
38,2061
38,2062
38,2064
38,2066
38,2067
38,2069
38,2070
38,2072
38,2074
38,2075
38,2077
38,2078
38,2080
38,2081
38,2083
38,2085
38,2086
38,2088
38,2089
38,2091
38,2093
38,2094
38,2096
38,2097
38,2099
38,2100
38,2102
38,2104
38,2105
38,2107
38,2108
38,2110
38,2112
38,2113
38,2115
38,2116
38,2118
38,2119
38,2121
38,2123
38,2124
38,2126
38,2127
38,2129
38,2131
38,2132
38,2134
38,2135
38,2137
38,2139
38,2140
38,2142
38,2143
38,2145
38,2146
38,2148
38,2150
38,2151
38,2153
38,2154
38,2156
38,2158
38,2159
4294967294,1478
38,2161
38,2163
38,2164
38,2166
38,2168
38,2169
38,2171
38,2172
38,2174
38,2176
38,2177
38,2179
38,2180
38,2182
38,2183
38,2185
38,2187
38,2188
38,2190
